  integer :: GMI_NCL, GMI_NCH
  parameter  (GMI_NCL=9)
  parameter  (GMI_NCH=4)
  
  real :: GMI_freq(10)
  data GMI_freq /10.65,18.7,23.8,36.64,89.0,166.0,176.31,180.31,186.31,190.31/
  
  real :: GMI_bw(10)
  data GMI_bw /  0.1,   0.2, 0.4, 1.0, 6.0,  4.0,   4.5,  3.5,    3.5,   4.5/
  
  real :: GMI_NEDT(13) !on-orbit values from Draper et al., 2015
  data GMI_NEDT /0.77, 0.78, 0.63, 0.60, 0.51, 0.41, 0.42, 0.32, 0.31, 0.70, 0.65, 0.56, 0.47/
  !data GMI_NEDT /0.51,      0.55,       0.40, 0.42,       0.47,       1.05,       0.87,0.77/
  !Instrument value + cal stability for non-noise-diode channels
  !data GMI_NEDT /0.77, 0.78, 0.63, 0.60, 0.76, 0.66, 0.67, 0.82, 0.81, 1.20, 1.15, 1.06, 0.97/
  
  real :: GMI_RMSE(13) !clear sky rms error
  data GMI_RMSE /0.8, 1.1, 1.3, 2.2, 1.6, 1.1, 2.2, 1.4, 3.4, 2.8, 3.5, 2.4, 2.0/
  
  integer :: GMI_nf(13)
  data GMI_nf /1,1,2,2,3,4,4,5,5,6,6,7,8/
  
  integer :: GMI_np(13)
  data GMI_np /1,2,1,2,1,1,2,1,2,1,2,1,1/
  
  real :: DPR_freq(2)
  data DPR_freq /13.6, 35.55/

  real :: GMI_default_emis(13,14)
  real :: GMI_default_emis_std(13,14)
  real :: GMI_V4_emis(13,13)
  real :: GMI_V4_emis_std(13,13)
  real :: GMI_clr_errcov(13,13), GMI_clw_errcov(13,13), GMI_land_errcov(13,13)

!The default values are based on a few months of MERRA-based retrievals

  data GMI_default_emis     /0.86,0.71,0.87,0.73,0.50,0.86,0.73,0.85,0.76,0.82,0.76,0.50,0.50, &
                             0.94,0.92,0.95,0.94,0.50,0.93,0.92,0.93,0.92,0.86,0.85,0.50,0.50, &
                             0.94,0.90,0.95,0.92,0.50,0.93,0.91,0.93,0.91,0.86,0.85,0.50,0.50, &
                             0.94,0.88,0.94,0.89,0.50,0.92,0.88,0.92,0.89,0.86,0.85,0.50,0.50, &
                             0.93,0.84,0.93,0.86,0.50,0.91,0.85,0.90,0.85,0.84,0.81,0.50,0.50, &
                             0.94,0.80,0.94,0.82,0.50,0.92,0.81,0.90,0.82,0.81,0.77,0.50,0.50, &
                             0.87,0.76,0.88,0.78,0.50,0.85,0.77,0.81,0.75,0.78,0.74,0.50,0.50, &
                             0.92,0.85,0.92,0.86,0.50,0.87,0.82,0.83,0.79,0.80,0.77,0.50,0.50, &
                             0.93,0.89,0.94,0.89,0.50,0.89,0.85,0.84,0.82,0.81,0.79,0.50,0.50, &
                             0.94,0.91,0.95,0.92,0.50,0.92,0.89,0.89,0.88,0.84,0.83,0.50,0.50, &
                             0.89,0.84,0.91,0.86,0.50,0.90,0.85,0.91,0.87,0.85,0.82,0.50,0.50, &
                             0.75,0.60,0.77,0.62,0.50,0.78,0.64,0.84,0.70,0.79,0.71,0.50,0.50, &
                             0.57,0.31,0.63,0.36,0.50,0.70,0.44,0.82,0.61,0.82,0.68,0.50,0.50, &
                             0.79,0.64,0.81,0.67,0.50,0.81,0.67,0.84,0.72,0.82,0.73,0.50,0.50/

  data GMI_default_emis_std /0.28,0.42,0.24,0.38,0.50,0.17,0.31,0.13,0.20,0.11,0.15,0.50,0.50, & 
                             0.03,0.04,0.03,0.04,0.50,0.03,0.04,0.04,0.04,0.10,0.11,0.50,0.50, &
                             0.05,0.06,0.04,0.06,0.50,0.04,0.05,0.04,0.05,0.10,0.10,0.50,0.50, &
                             0.05,0.07,0.05,0.07,0.50,0.04,0.06,0.04,0.06,0.10,0.10,0.50,0.50, &
                             0.06,0.07,0.06,0.07,0.50,0.06,0.07,0.06,0.07,0.11,0.12,0.50,0.50, &
                             0.06,0.07,0.06,0.07,0.50,0.06,0.06,0.05,0.06,0.12,0.12,0.50,0.50, &
                             0.20,0.26,0.16,0.22,0.50,0.16,0.19,0.21,0.21,0.17,0.18,0.50,0.50, &
                             0.09,0.12,0.08,0.10,0.50,0.12,0.13,0.20,0.20,0.15,0.16,0.50,0.50, &
                             0.07,0.10,0.06,0.09,0.50,0.11,0.13,0.21,0.20,0.15,0.15,0.50,0.50, &
                             0.05,0.07,0.05,0.07,0.50,0.08,0.09,0.14,0.14,0.12,0.13,0.50,0.50, &
                             0.08,0.13,0.08,0.13,0.50,0.06,0.12,0.05,0.10,0.09,0.11,0.50,0.50, &
                             0.31,0.49,0.30,0.50,0.50,0.24,0.45,0.16,0.36,0.16,0.27,0.50,0.50, &
                             0.08,0.11,0.07,0.11,0.50,0.06,0.13,0.05,0.15,0.08,0.15,0.50,0.50, &
                             0.26,0.39,0.23,0.39,0.50,0.16,0.33,0.15,0.24,0.11,0.18,0.50,0.50/
!The V4 values are based on a full year of GANAL-based retrievals

  data GMI_V4_emis     	    /0.864,0.699,0.880,0.720,0.880,0.876,0.728,0.881,0.767,0.864,0.791,0.50,0.50, &
                             0.974,0.954,0.988,0.972,0.988,0.961,0.950,0.960,0.949,0.925,0.917,0.50,0.50, &
                             0.973,0.935,0.983,0.951,0.983,0.960,0.938,0.958,0.940,0.924,0.909,0.50,0.50, &
                             0.974,0.910,0.981,0.928,0.981,0.956,0.918,0.951,0.921,0.916,0.895,0.50,0.50, &
                             0.975,0.874,0.978,0.893,0.978,0.949,0.882,0.936,0.885,0.891,0.857,0.50,0.50, &
                             0.986,0.834,0.990,0.855,0.990,0.960,0.850,0.938,0.858,0.894,0.846,0.50,0.50, &
                             0.953,0.843,0.943,0.834,0.943,0.842,0.756,0.786,0.725,0.747,0.702,0.50,0.50, &
                             0.997,0.942,0.979,0.917,0.979,0.836,0.786,0.765,0.729,0.738,0.710,0.50,0.50, &
                             0.995,0.956,0.986,0.941,0.986,0.890,0.854,0.813,0.787,0.776,0.755,0.50,0.50, &
                             0.984,0.953,0.985,0.954,0.985,0.938,0.915,0.894,0.876,0.832,0.817,0.50,0.50, &
                             0.936,0.883,0.951,0.903,0.951,0.936,0.894,0.945,0.909,0.923,0.898,0.50,0.50, &
                             0.763,0.602,0.787,0.624,0.787,0.799,0.638,0.859,0.706,0.858,0.781,0.50,0.50, &
                             0.580,0.303,0.638,0.355,0.638,0.715,0.443,0.841,0.614,0.846,0.676,0.50,0.50/

  data GMI_V4_emis_std      /0.172,0.242,0.151,0.225,0.151,0.112,0.184,0.074,0.120,0.064,0.084,0.50,0.50, & 
                             0.013,0.018,0.014,0.018,0.014,0.015,0.018,0.019,0.021,0.038,0.041,0.50,0.50, &
                             0.022,0.029,0.020,0.026,0.020,0.019,0.024,0.022,0.026,0.041,0.043,0.50,0.50, &
                             0.024,0.033,0.023,0.030,0.023,0.022,0.028,0.025,0.031,0.042,0.043,0.50,0.50, &
                             0.025,0.034,0.026,0.033,0.026,0.029,0.033,0.034,0.038,0.043,0.045,0.50,0.50, &
                             0.025,0.032,0.026,0.029,0.026,0.027,0.027,0.030,0.029,0.043,0.041,0.50,0.50, &
                             0.085,0.112,0.079,0.097,0.079,0.074,0.084,0.100,0.098,0.085,0.083,0.50,0.50, &
                             0.029,0.043,0.031,0.039,0.031,0.066,0.064,0.079,0.079,0.071,0.074,0.50,0.50, &
                             0.025,0.036,0.026,0.035,0.036,0.048,0.051,0.077,0.080,0.074,0.078,0.50,0.50, &
                             0.020,0.032,0.019,0.030,0.032,0.034,0.041,0.069,0.073,0.071,0.077,0.50,0.50, &
                             0.038,0.062,0.035,0.060,0.035,0.029,0.053,0.025,0.046,0.044,0.051,0.50,0.50, &
                             0.150,0.240,0.152,0.253,0.152,0.128,0.233,0.090,0.198,0.081,0.132,0.50,0.50, &
                             0.021,0.030,0.022,0.037,0.022,0.024,0.056,0.026,0.080,0.022,0.074,0.50,0.50/
                             
  data GMI_clr_errcov       / 0.5929, 0.0569,-0.0960,-0.2066,-0.2434, 0.0289, 0.0144, 0.0560, 0.0952,-0.0043,-0.0739,-0.0718,-0.0304,&
                              0.0569, 0.6084,-0.0801,-0.0775,-0.1140,-0.0169,-0.0389, 0.0570, 0.0536, 0.0681, 0.0365,-0.1119, 0.0089,&
                             -0.0960,-0.0801, 0.4356, 0.1374, 0.1487,-0.0052,-0.0248,-0.0629,-0.0676,-0.1054,-0.0907, 0.2224,-0.0875,&
                             -0.2066,-0.0775, 0.1374, 0.5995, 0.4105,-0.1067,-0.1401,-0.0958,-0.1322, 0.0004, 0.1000, 0.1392, 0.0276,&
                             -0.2434,-0.1140, 0.1487, 0.4105, 0.9476,-0.0772,-0.0347,-0.2378,-0.2674,-0.2627,-0.1048, 0.6503,-0.1877,&
                              0.0289,-0.0169,-0.0052,-0.1067,-0.0772, 0.2209, 0.0819, 0.0014,-0.0316,-0.0514,-0.0703, 0.0456,-0.0066,&
                              0.0144,-0.0389,-0.0248,-0.1401,-0.0347, 0.0819, 0.1616, 0.0247,-0.0535, 0.0010, 0.0129,-0.0007,-0.0095,&
                              0.0560, 0.0570,-0.0629,-0.0958,-0.2378, 0.0014, 0.0247, 0.1576, 0.0589, 0.1209, 0.0162,-0.2276, 0.0638,&
                              0.0952, 0.0536,-0.0676,-0.1322,-0.2674,-0.0316,-0.0535, 0.0589, 0.1484, 0.1114, 0.0230,-0.2540, 0.0788,&
                             -0.0043, 0.0681,-0.1054, 0.0004,-0.2627,-0.0514, 0.0010, 0.1209, 0.1114, 1.2097, 0.5528,-1.0118, 0.3619,&
                             -0.0739, 0.0365,-0.0907, 0.1000,-0.1048,-0.0703, 0.0129, 0.0162, 0.0230, 0.5528, 1.1015,-0.9213, 0.4106,&
                             -0.0718,-0.1119, 0.2224, 0.1392, 0.6503, 0.0456,-0.0007,-0.2276,-0.2540,-1.0118,-0.9213, 1.9359,-0.8941,&
                             -0.0304, 0.0089,-0.0875, 0.0276,-0.1877,-0.0066,-0.0095, 0.0638, 0.0788, 0.3619, 0.4106,-0.8941, 0.7151/
                             
  data GMI_land_errcov      / 0.5931, 0.0004, 0.0003, 0.0005, 0.0006,-0.0001,-0.0003,-0.0012,-0.0035,-0.0039,-0.0043,-0.0015,-0.0003,&
                              0.0004, 0.6090, 0.0005, 0.0008, 0.0009,-0.0002,-0.0004,-0.0020,-0.0058,-0.0065,-0.0072,-0.0026,-0.0006,&
                              0.0003, 0.0005, 0.3988, 0.0032, 0.0038,-0.0016,-0.0030,-0.0032,-0.0090,-0.0108,-0.0115,-0.0060,-0.0010,&
                              0.0005, 0.0008, 0.0032, 0.3654, 0.0063,-0.0027,-0.0051,-0.0054,-0.0152,-0.0183,-0.0194,-0.0102,-0.0018,&
                              0.0006, 0.0009, 0.0038, 0.0063, 0.2684,-0.0047,-0.0088,-0.0093,-0.0249,-0.0240,-0.0260,-0.0129,-0.0018,&
                             -0.0001,-0.0002,-0.0016,-0.0027,-0.0047, 0.1730, 0.0091, 0.0091, 0.0234, 0.0170, 0.0191, 0.0088, 0.0012,&
                             -0.0003,-0.0004,-0.0030,-0.0051,-0.0088, 0.0091, 0.1935, 0.0171, 0.0444, 0.0328, 0.0368, 0.0168, 0.0022,&
                             -0.0012,-0.0020,-0.0032,-0.0054,-0.0093, 0.0091, 0.0171, 0.1276, 0.0631, 0.0471, 0.0531, 0.0242, 0.0067,&
                             -0.0035,-0.0058,-0.0090,-0.0152,-0.0249, 0.0234, 0.0444, 0.0631, 0.2613, 0.1305, 0.1472, 0.0614, 0.0132,&
                             -0.0039,-0.0065,-0.0108,-0.0183,-0.0240, 0.0170, 0.0328, 0.0471, 0.1305, 0.6534, 0.1781, 0.0648, 0.0115,&
                             -0.0043,-0.0072,-0.0115,-0.0194,-0.0260, 0.0191, 0.0368, 0.0531, 0.1472, 0.1781, 0.6353, 0.0695, 0.0097,&
                             -0.0015,-0.0026,-0.0060,-0.0102,-0.0129, 0.0088, 0.0168, 0.0242, 0.0614, 0.0648, 0.0695, 0.3571, 0.0119,&
                             -0.0003,-0.0006,-0.0010,-0.0018,-0.0018, 0.0012, 0.0022, 0.0067, 0.0132, 0.0115, 0.0097, 0.0119, 0.2489/






  data GMI_clw_errcov       / 0.5929, 0.0311,-0.1114,-0.1725,-0.2100, 0.0123, -0.0095, 0.0383, 0.1003,-0.0012,-0.0412,-0.0891,-0.0056,&
                              0.0311, 0.6084,-0.1219,-0.0965,-0.2023,-0.0482, -0.0577, 0.0753, 0.1060, 0.1337, 0.1095,-0.2405, 0.0411,&
                             -0.1114,-0.1219, 0.3969, 0.1803, 0.3213, 0.0263, -0.0114,-0.1152,-0.1374,-0.2424,-0.2045, 0.4633,-0.1565,&
                             -0.1725,-0.0965, 0.1803, 0.5507, 0.5047,-0.0542, -0.1175,-0.1164,-0.1871,-0.1336,-0.0335, 0.3928,-0.0971,&
                             -0.2100,-0.2023, 0.3213, 0.5047, 1.2511,-0.0028,  0.0024,-0.3414,-0.4361,-0.5916,-0.4465, 1.2725,-0.3995,&
                              0.0123,-0.0482, 0.0263,-0.0542,-0.0028, 0.2433,  0.1046,-0.0261,-0.0715,-0.0692,-0.0834, 0.0690, 0.0284,&
                             -0.0095,-0.0577,-0.0114,-0.1175, 0.0024, 0.1046,  0.1680, 0.0241,-0.0733, 0.0385, 0.0622,-0.0636, 0.0371,&
                              0.0383, 0.0753,-0.1152,-0.1164,-0.3414,-0.0261,  0.0241, 0.1710, 0.1005, 0.1954, 0.0975,-0.3855, 0.1299,&
                              0.1003, 0.1060,-0.1374,-0.1871,-0.4361,-0.0715, -0.0733, 0.1005, 0.2159, 0.2301, 0.1274,-0.4760, 0.1578,&
                             -0.0012, 0.1337,-0.2424,-0.1336,-0.5916,-0.0692,  0.0385, 0.1954, 0.2301, 1.5180, 0.8955,-1.5568, 0.5034,&
                             -0.0412, 0.1095,-0.2045,-0.0335,-0.4465,-0.0834,  0.0622, 0.0975, 0.1274, 0.8955, 1.4237,-1.4244, 0.5174,&
                             -0.0891,-0.2405, 0.4633, 0.3928, 1.2725, 0.0690, -0.0636,-0.3855,-0.4760,-1.5568,-1.4244, 2.7636,-1.2554,&
                             -0.0056, 0.0411,-0.1565,-0.0971,-0.3995, 0.0284,  0.0371, 0.1299, 0.1578, 0.5034, 0.5174,-1.2554, 0.7971/